PORT=5000
JWTKEY=Admin@$123
DB_HOST=mongodb://localhost:27017/washmen
LAT=-0.142571
LON=51.5144636
